52 55
40 42
104 104
32 34
54 55
62 64
100 102
71 72
54 55
57 58
100 102
104 104
117 117
57 58
100 102
45 45
78 79
118 118
53 53
122 122
41 41
86 87
8 9
18 18
53 53
78 79
99 100
17 22
175 175
185 185
134 134
185 185
3 4
181 183
69 70
80 81
69 70
102 102
185 185
64 66
44 48
70 70
117 117
33 33
23 26
54 54
109 110
33 33
25 25
54 54
109 111
117 117
8 8
27 28
91 91
25 28
131 136
87 89
68 68
8 8
27 28
61 61
131 136
57 58
105 107
173 174
57 58
104 104
240 241
173 174
1 2
2 2
34 36
57 58
104 104
216 221
46 48
189 193
266 267
10 10
18 20
46 48
190 192
266 267
18 21
46 49
68 72
151 151
266 267
26 26
52 54
125 126
29 33
67 70
125 126
18 23
24 24
125 126
18 19
6 9
40 40
65 65
146 147
101 102
108 108
22 25
69 73
108 108
115 117
201 202
13 14
63 68
85 87
136 137
163 163
20 23
38 39
83 84
86 87
106 107
20 23
10 11
44 46
85 87
86 87
27 28
41 43
84 85
96 98
28 28
9 10
41 43
27 28
220 221
9 10
47 50
96 98
220 222
149 150
95 96
237 237
1 2
127 128
182 182
236 237
8 11
18 22
46 48
164 166
27 27
58 59
69 69
69 69
22 23
63 64
68 69
5 5
27 27
63 64
128 129
11 13
32 32
32 32
104 104
126 127
21 22
109 111
175 175
11 13
80 82
91 91
109 111
175 175
8 9
55 58
185 185
324 325
384 385
16 19
357 358
324 325
384 385
1 4
8 10
33 34
122 123
336 337
11 12
73 74
99 100
121 121
203 208
73 74
123 123
127 128
171 172
11 12
73 74
103 110
123 124
9 9
57 58
79 80
102 102
113 114
9 10
84 84
79 80
113 114
57 58
9 9
57 58
79 80
113 114
10 10
10 10
59 63
10 10
13 14
31 33
49 50
2 3
13 14
36 37
49 50
1 1
63 66
85 88
53 55
104 104
3 6
1 1
53 55
87 88
23 25
6 6
63 67
82 83
11 11
79 81
143 143
163 167
8 11
18 19
147 152
11 11
4 4
8 11
18 18
132 132
163 167
1 4
22 24
17 19
39 44
1 4
17 19
29 30
36 37
1 4
17 19
22 28
39 44
36 36
None None
None None
None None
None None
None None
None None
None None
None None
None None
None None
None None
None None
20 20
3 6
117 118
96 96
10 11
81 83
87 88
117 118
3 8
20 20
59 61
82 84
87 88
15 17
1 4
15 17
147 148
255 255
281 285
1 4
77 78
141 143
180 184
19 19
57 57
74 74
143 143
19 19
57 57
143 143
14 15
74 74
143 143
143 143
14 14
19 19
57 57
74 74
143 143
26 26
29 29
1 4
21 21
26 26
23 24
1 4
26 26
92 93
166 166
121 121
10 11
67 70
92 93
146 147
166 166
17 20
67 70
92 93
121 121
183 184
8 11
75 76
106 107
7 11
86 87
120 123
140 141
18 20
7 11
18 20
106 107
140 141
49 49
36 36
13 15
18 20
36 36
13 15
92 92
1 4
13 15
36 36
72 75
92 92
163 164
20 22
74 75
127 129
155 156
20 22
20 22
34 35
85 85
127 129
5 5
104 106
5 5
7 8
104 105
90 90
116 118
75 77
104 105
8 10
69 70
33 33
59 59
1 1
22 26
39 44
69 70
8 10
22 26
38 44
33 33
4 5
25 25
4 5
35 37
48 51
204 206
293 293
381 382
48 51
0 0
222 222
334 335
381 382
0 0
311 313
286 286
244 244
5 5
8 9
78 80
104 105
5 6
86 86
139 140
169 173
5 5
63 65
122 122
138 141
5 5
11 15
56 56
74 76
90 91
5 5
50 50
56 56
65 65
5 5
56 56
90 92
76 77
94 94
59 61
27 27
54 55
68 69
102 102
33 33
68 68
102 104
37 37
24 35
88 89
133 137
1 1
40 40
120 121
40 41
16 21
23 36
47 47
126 126
2 3
11 11
2 3
118 119
2 3
108 110
2 3
2 3
69 70
78 79
108 110
1 4
23 24
72 73
19 19
77 77
39 42
23 25
34 35
12 13
119 120
29 30
12 13
38 40
113 115
128 134
52 53
10 13
29 30
84 85
125 125
9 10
40 41
45 53
1 1
9 10
9 10
62 64
9 10
9 10
19 19
40 41
61 64
6 9
82 83
6 7
14 15
89 91
70 74
14 15
82 83
26 27
82 88
109 109
148 152
47 51
141 145
104 106
99 99
85 87
117 118
8 8
15 15
79 79
99 101
79 79
79 79
110 110
15 15
79 79
110 110
45 45
8 8
11 17
30 30
47 48
72 72
30 30
42 42
48 48
76 77
2 2
30 30
34 39
93 96
21 22
91 92
32 34
69 69
91 92
91 92
95 95
0 2
18 19
62 62
1 2
19 19
1 2
19 19
39 39
29 31
45 45
48 51
1 1
20 24
45 45
47 51
45 45
29 32
42 44
14 14
17 18
61 61
112 115
78 81
6 6
17 18
61 61
70 73
91 91
41 42
146 146
231 231
45 48
146 146
231 231
155 156
6 7
41 42
151 153
155 156
231 231
57 58
75 76
105 105
103 106
57 58
2 2
94 95
57 58
68 69
75 76
94 96
97 98
5 7
56 56
71 72
198 198
220 221
5 7
55 58
70 73
151 151
41 42
151 151
194 198
14 15
23 24
75 75
30 31
0 0
14 15
23 24
30 31
220 223
75 76
13 15
22 24
51 56
75 75
219 223
3 3
32 33
44 44
125 125
195 195
3 5
44 45
64 64
149 149
3 3
44 44
47 57
159 159
4 4
33 34
40 50
99 99
6 6
17 24
37 38
41 47
4 4
32 34
40 50
81 81
4 5
0 0
47 47
116 116
149 150
47 47
91 91
107 107
131 132
35 35
49 50
47 47
131 131
82 82
5 7
78 82
29 30
42 44
5 7
5 7
20 20
29 29
49 50
None None
None None
None None
None None
None None
None None
None None
None None
None None
None None
1 4
43 44
1 4
23 25
145 148
26 27
52 52
43 44
137 137
2 3
41 42
77 78
123 137
149 151
2 3
17 17
39 42
105 112
2 3
97 98
12 12
142 142
58 58
51 54
71 74
121 124
7 9
33 35
71 74
132 132
107 108
19 19
44 45
26 29
22 22
52 53
19 19
26 29
11 11
1 2
31 31
53 53
10 12
30 31
37 42
11 12
30 32
52 53
3 7
69 71
144 147
47 49
64 71
160 171
9 16
3 7
64 66
144 147
52 56
73 75
298 300
152 152
248 249
52 57
119 121
273 273
20 22
52 55
73 75
102 106
